package com.myscript.certificate;

/**
 * The <code>MyCertificate</code> class provides the bytes of the user
 * certificate used to grant the access to the MyScript technologies.
 */
public final class MyCertificate
{
  /**
   * Returns the bytes of the user certificate.
   *
   * @return The bytes of the user certificate.
   */
  public static final byte[] getBytes()
  {
    return BYTES;
  }

  /**
   * The bytes of the user certificate.
   */
  private static final byte[] BYTES = new byte[]{
    -111, 124,  65,   -43,  70,   -3,   -93,  -54,  
    77,   -25,  80,   60,   -74,  82,   -21,  1,    
    96,   17,   70,   123,  7,    -31,  -88,  43,   
    8,    18,   -19,  -97,  63,   54,   -15,  30,   
    -114, 59,   62,   -128, -116, -104, -70,  -11,  
    98,   -45,  -63,  -32,  -121, 65,   -65,  11,   
    36,   124,  -81,  81,   75,   114,  6,    -24,  
    79,   -56,  -98,  -83,  -33,  106,  70,   9,    
    40,   -16,  4,    40,   96,   62,   -36,  -60,  
    115,  -16,  75,   60,   -62,  62,   -49,  57,   
    -90,  41,   -105, 75,   43,   16,   -54,  5,    
    49,   50,   -50,  21,   116,  116,  28,   4,    
    -58,  9,    32,   7,    109,  9,    -53,  -51,  
    61,   80,   36,   113,  -14,  -56,  51,   79,   
    -66,  -14,  64,   -21,  -121, -112, 20,   30,   
    43,   -92,  -74,  16,   35,   18,   -79,  -24,  
    98,   -81,  41,   61,   102,  -111, -24,  80,   
    -76,  -85,  -107, 46,   56,   59,   15,   -39,  
    78,   119,  84,   82,   -109, -77,  -72,  -94,  
    52,   -42,  60,   -49,  -92,  -60,  -49,  89,   
    -66,  20,   -96,  -70,  124,  -97,  67,   105,  
    -28,  -76,  69,   -44,  -38,  45,   17,   26,   
    64,   -17,  -104, 36,   121,  -33,  92,   -54,  
    86,   95,   -90,  -121, -73,  -121, 113,  -13,  
    -98,  82,   -20,  42,   77,   78,   -29,  50,   
    127,  2,    -116, 60,   -118, 66,   -20,  -27,  
    -11,  102,  4,    -114, 116,  79,   44,   95,   
    -55,  7,    -19,  59,   62,   -4,   -37,  -45,  
    86,   31,   -93,  -91,  -95,  -89,  1,    61,   
    75,   -41,  -38,  0,    61,   -41,  -76,  -31,  
    112,  -63,  122,  67,   97,   52,   -48,  -116, 
    49,   107,  -68,  44,   35,   -128, -71,  0,    
    34,   -89,  109,  30,   -82,  72,   28,   65,   
    124,  83,   -42,  86,   -102, -76,  55,   -126, 
    125,  -91,  111,  30,   68,   18,   -117, 66,   
    -80,  40,   69,   85,   101,  75,   -56,  125,  
    -36,  90,   -112, -31,  -70,  -19,  116,  -67,  
    103,  -34,  -15,  86,   101,  75,   -56,  125,  
    -36,  90,   -112, -31,  -70,  -19,  116,  -67,  
    -125, 33,   14,   -87,  -101, -76,  55,   -126, 
    39,   70,   -78,  28,   -70,  -19,  116,  -67,  
    -125, 33,   14,   -87,  101,  75,   -56,  125,  
    56,   -91,  111,  30,   -70,  -19,  116,  -67,  
    -125, 33,   14,   -87,  101,  75,   -56,  125,  
    -36,  90,   -112, -31,  68,   18,   -117, 66,   
    -64,  21,   101,  87,   101,  75,   -56,  125,  
    -36,  90,   -112, -31,  -70,  -19,  116,  -67,  
    103,  -34,  -15,  86,   101,  75,   -56,  125,  
    -36,  90,   -112, -31,  -70,  -19,  116,  -67,  
    -125, 33,   14,   -87,  -101, -76,  55,   -126, 
    -9,   -39,  90,   27,   -70,  -19,  116,  -67,  
    -125, 33,   14,   -87,  101,  75,   -56,  125,  
    56,   -91,  111,  30,   -70,  -19,  116,  -67,  
    -125, 33,   14,   -87,  101,  75,   -56,  125,  
    -36,  90,   -112, -31,  68,   18,   -117, 66,   
    -6,   -70,  -103, 84,   101,  75,   -56,  125,  
    -36,  90,   -112, -31,  -70,  -19,  116,  -67,  
    103,  -34,  -15,  86,   101,  75,   -56,  125,  
    -36,  90,   -112, -31,  -70,  -19,  116,  -67,  
    -125, 33,   14,   -87,  -101, -76,  55,   -126, 
    -107, -28,  -47,  27,   -70,  -19,  116,  -67,  
    -125, 33,   14,   -87,  101,  75,   -56,  125,  
    56,   -91,  111,  30,   -70,  -19,  116,  -67,  
    -125, 33,   14,   -87,  101,  75,   -56,  125,  
    -36,  90,   -112, -31,  68,   18,   -117, 66,   
    96,   -120, 70,   82,   101,  75,   -56,  125,  
    -36,  90,   -112, -31,  -70,  -19,  116,  -67,  
    103,  -34,  -15,  86,   101,  75,   -56,  125,  
    -36,  90,   -112, -31,  -70,  -19,  116,  -67,  
    -125, 33,   14,   -87,  -101, -76,  55,   -126, 
    18,   41,   -26,  31,   -70,  -19,  116,  -67,  
    -125, 33,   14,   -87,  101,  75,   -56,  125,  
    56,   -91,  111,  30,   -70,  -19,  116,  -67,  
    -125, 33,   14,   -87,  101,  75,   -56,  125,  
    -36,  90,   -112, -31,  71,   18,   -117, 66,   
    125,  32,   18,   83,   94,   -70,  55,   -126, 
    33,   -91,  111,  30,   -70,  -19,  116,  -67,  
    103,  -34,  -15,  86,   101,  75,   -56,  125,  
    -36,  90,   -112, -31,  -70,  -19,  116,  -67,  
    -125, 33,   14,   -87,  -104, -76,  55,   -126, 
    70,   -97,  107,  28,   -125, 28,   -117, 66,   
    120,  -34,  -15,  86,   101,  75,   -56,  125,  
    56,   -91,  111,  30,   -70,  -19,  116,  -67,  
    -125, 33,   14,   -87,  101,  75,   -56,  125,  
    -36,  90,   -112, -31,  71,   18,   -117, 66,   
    -100, -34,  5,    85,   80,   -70,  55,   -126, 
    38,   -91,  111,  30,   -70,  -19,  116,  -67,  
    103,  -34,  -15,  86,   101,  75,   -56,  125,  
    -36,  90,   -112, -31,  -70,  -19,  116,  -67,  
    -125, 33,   14,   -87,  -104, -76,  55,   -126, 
    41,   61,   -116, 28,   -118, 28,   -117, 66,   
    120,  -34,  -15,  86,   101,  75,   -56,  125,  
    56,   -91,  111,  30,   -70,  -19,  116,  -67,  
    -125, 33,   14,   -87,  101,  75,   -56,  125,  
    -36,  90,   -112, -31,  71,   18,   -117, 66,   
    39,   -119, -112, 87,   73,   -70,  55,   -126, 
    42,   -91,  111,  30,   -70,  -19,  116,  -67,  
    103,  -34,  -15,  86,   101,  75,   -56,  125,  
    -36,  90,   -112, -31,  -70,  -19,  116,  -67,  
    -125, 33,   14,   -87,  -104, -76,  55,   -126, 
    -13,  -109, -39,  29,   -103, 28,   -117, 66,   
    118,  -34,  -15,  86,   101,  75,   -56,  125,  
    56,   -91,  111,  30,   -70,  -19,  116,  -67,  
    -125, 33,   14,   -87,  101,  75,   -56,  125,  
    -36,  90,   -112, -31,  71,   18,   -117, 66,   
    4,    108,  39,   82,   124,  -70,  55,   -126, 
    43,   -91,  111,  30,   -70,  -19,  116,  -67,  
    103,  -34,  -15,  86,   101,  75,   -56,  125,  
    -36,  90,   -112, -31,  -70,  -19,  116,  -67,  
    -125, 33,   14,   -87,  -104, -76,  55,   -126, 
    -67,  -43,  104,  31,   -85,  28,   -117, 66,   
    123,  -34,  -15,  86,   101,  75,   -56,  125,  
    56,   -91,  111,  30,   -70,  -19,  116,  -67,  
    -125, 33,   14,   -87,  101,  75,   -56,  125,  
    -36,  90,   -112, -31,  71,   18,   -117, 66,   
    101,  -99,  -65,  87,   73,   -70,  55,   -126, 
    32,   -91,  111,  30,   -70,  -19,  116,  -67,  
    103,  -34,  -15,  86,   101,  75,   -56,  125,  
    -36,  90,   -112, -31,  -70,  -19,  116,  -67,  
    -125, 33,   14,   -87,  -104, -76,  55,   -126, 
    -101, -47,  19,   27,   -80,  28,   -117, 66,   
    116,  -34,  -15,  86,   101,  75,   -56,  125,  
    56,   -91,  111,  30,   -70,  -19,  116,  -67,  
    -125, 33,   14,   -87,  101,  75,   -56,  125,  
    -36,  90,   -112, -31,  65,   18,   -117, 66,   
    33,   -119, 4,    82,   101,  75,   -56,  125,  
    -36,  90,   -112, -31,  -70,  -19,  116,  -67,  
    103,  -34,  -15,  86,   101,  75,   -56,  125,  
    -36,  90,   -112, -31,  -70,  -19,  116,  -67,  
    -125, 33,   14,   -87,  -98,  -76,  55,   -126, 
    -55,  8,    -96,  29,   -70,  -19,  116,  -67,  
    -125, 33,   14,   -87,  101,  75,   -56,  125,  
    56,   -91,  111,  30,   -70,  -19,  116,  -67,  
    -125, 33,   14,   -87,  101,  75,   -56,  125,  
    -36,  90,   -112, -31,  65,   18,   -117, 66,   
    -87,  -15,  -80,  85,   101,  75,   -56,  125,  
    -36,  90,   -112, -31,  -70,  -19,  116,  -67,  
    103,  -34,  -15,  86,   101,  75,   -56,  125,  
    -36,  90,   -112, -31,  -70,  -19,  116,  -67,  
    -125, 33,   14,   -87,  -98,  -76,  55,   -126, 
    111,  78,   114,  29,   -70,  -19,  116,  -67,  
    -125, 33,   14,   -87,  101,  75,   -56,  125,  
    56,   -91,  111,  30,   -70,  -19,  116,  -67,  
    -125, 33,   14,   -87,  101,  75,   -56,  125,  
    -36,  90,   -112, -31,  70,   18,   -117, 66,   
    102,  -99,  41,   82,   101,  75,   -56,  125,  
    -36,  90,   -112, -31,  -70,  -19,  116,  -67,  
    103,  -34,  -15,  86,   101,  75,   -56,  125,  
    -36,  90,   -112, -31,  -70,  -19,  116,  -67,  
    -125, 33,   14,   -87,  -103, -76,  55,   -126, 
    74,   0,    28,   31,   -70,  -19,  116,  -67,  
    -125, 33,   14,   -87,  101,  75,   -56,  125,  
    56,   -91,  111,  30,   -70,  -19,  116,  -67,  
    -125, 33,   14,   -87,  101,  75,   -56,  125,  
    -36,  90,   -112, -31,  70,   18,   -117, 66,   
    113,  -38,  5,    85,   101,  75,   -56,  125,  
    -36,  90,   -112, -31,  -70,  -19,  116,  -67,  
    103,  -34,  -15,  86,   101,  75,   -56,  125,  
    -36,  90,   -112, -31,  -70,  -19,  116,  -67,  
    -125, 33,   14,   -87,  -103, -76,  55,   -126, 
    92,   -128, -55,  28,   -70,  -19,  116,  -67,  
    -125, 33,   14,   -87,  101,  75,   -56,  125,  
    56,   -91,  111,  30,   -70,  -19,  116,  -67,  
    -125, 33,   14,   -87,  101,  75,   -56,  125,  
    -36,  90,   -112, -31,  70,   18,   -117, 66,   
    94,   -68,  -110, 82,   101,  75,   -56,  125,  
    -36,  90,   -112, -31,  -70,  -19,  116,  -67,  
    103,  -34,  -15,  86,   101,  75,   -56,  125,  
    -36,  90,   -112, -31,  -70,  -19,  116,  -67,  
    -125, 33,   14,   -87,  -103, -76,  55,   -126, 
    -88,  38,   -41,  30,   -70,  -19,  116,  -67,  
    -125, 33,   14,   -87,  101,  75,   -56,  125,  
    56,   -91,  111,  30,   -70,  -19,  116,  -67,  
    -125, 33,   14,   -87,  101,  75,   -56,  125,  
    -36,  90,   -112, -31,  70,   18,   -117, 66,   
    87,   -57,  23,   86,   101,  75,   -56,  125,  
    -36,  90,   -112, -31,  -70,  -19,  116,  -67,  
    103,  -34,  -15,  86,   101,  75,   -56,  125,  
    -36,  90,   -112, -31,  -70,  -19,  116,  -67,  
    -125, 33,   14,   -87,  -103, -76,  55,   -126, 
    117,  118,  -104, 30,   -70,  -19,  116,  -67,  
    -125, 33,   14,   -87,  101,  75,   -56,  125,  
    56,   -91,  111,  30,   -70,  -19,  116,  -67,  
    -125, 33,   14,   -87,  101,  75,   -56,  125,  
    -36,  90,   -112, -31,  70,   18,   -117, 66,   
    58,   -44,  -40,  87,   101,  75,   -56,  125,  
    -36,  90,   -112, -31,  -70,  -19,  116,  -67,  
    103,  -34,  -15,  86,   101,  75,   -56,  125,  
    -36,  90,   -112, -31,  -70,  -19,  116,  -67,  
    -125, 33,   14,   -87,  -103, -76,  55,   -126, 
    -111, 51,   66,   31,   -70,  -19,  116,  -67,  
    -125, 33,   14,   -87,  101,  75,   -56,  125,  
    56,   -91,  111,  30,   -70,  -19,  116,  -67,  
    -125, 33,   14,   -87,  101,  75,   -56,  125,  
    -36,  90,   -112, -31,  70,   18,   -117, 66,   
    20,   -44,  120,  87,   101,  75,   -56,  125,  
    -36,  90,   -112, -31,  -70,  -19,  116,  -67,  
    103,  -34,  -15,  86,   101,  75,   -56,  125,  
    -36,  90,   -112, -31,  -70,  -19,  116,  -67,  
    -125, 33,   14,   -87,  -103, -76,  55,   -126, 
    3,    66,   -99,  31,   -70,  -19,  116,  -67,  
    -125, 33,   14,   -87,  101,  75,   -56,  125,  
    56,   -91,  111,  30,   -70,  -19,  116,  -67,  
    -125, 33,   14,   -87,  101,  75,   -56,  125,  
    -36,  90,   -112, -31,  70,   18,   -117, 66,   
    -2,   -49,  9,    87,   101,  75,   -56,  125,  
    -36,  90,   -112, -31,  -70,  -19,  116,  -67,  
    103,  -34,  -15,  86,   101,  75,   -56,  125,  
    -36,  90,   -112, -31,  -70,  -19,  116,  -67,  
    -125, 33,   14,   -87,  -103, -76,  55,   -126, 
    107,  20,   95,   28,   -70,  -19,  116,  -67,  
    -125, 33,   14,   -87,  101,  75,   -56,  125,  
    56,   -91,  111,  30,   -70,  -19,  116,  -67,  
    -125, 33,   14,   -87,  101,  75,   -56,  125,  
    -36,  90,   -112, -31,  70,   18,   -117, 66,   
    -12,  119,  -61,  84,   101,  75,   -56,  125,  
    -36,  90,   -112, -31,  -70,  -19,  116,  -67,  
    103,  -34,  -15,  86,   101,  75,   -56,  125,  
    -36,  90,   -112, -31,  -70,  -19,  116,  -67,  
    -125, 33,   14,   -87,  -103, -76,  55,   -126, 
    124,  126,  51,   28,   -70,  -19,  116,  -67,  
    -125, 33,   14,   -87,  101,  75,   -56,  125,  
    56,   -91,  111,  30,   -70,  -19,  116,  -67,  
    -125, 33,   14,   -87,  101,  75,   -56,  125,  
    -36,  90,   -112, -31,  70,   18,   -117, 66,   
    -115, -76,  -82,  84,   101,  75,   -56,  125,  
    -36,  90,   -112, -31,  -70,  -19,  116,  -67,  
    103,  -34,  -15,  86,   101,  75,   -56,  125,  
    -36,  90,   -112, -31,  -70,  -19,  116,  -67,  
    -125, 33,   14,   -87,  -103, -76,  55,   -126, 
    26,   59,   -61,  28,   -70,  -19,  116,  -67,  
    -125, 33,   14,   -87,  101,  75,   -56,  125,  
    56,   -91,  111,  30,   -70,  -19,  116,  -67,  
    -125, 33,   14,   -87,  101,  75,   -56,  125,  
    -36,  90,   -112, -31,  70,   18,   -117, 66,   
    78,   8,    45,   84,   101,  75,   -56,  125,  
    -36,  90,   -112, -31,  -70,  -19,  116,  -67,  
    103,  -34,  -15,  86,   101,  75,   -56,  125,  
    -36,  90,   -112, -31,  -70,  -19,  116,  -67,  
    -125, 33,   14,   -87,  -103, -76,  55,   -126, 
    7,    -72,  110,  29,   -70,  -19,  116,  -67,  
    -125, 33,   14,   -87,  101,  75,   -56,  125,  
    56,   -91,  111,  30,   -70,  -19,  116,  -67,  
    -125, 33,   14,   -87,  101,  75,   -56,  125,  
    -36,  90,   -112, -31,  70,   18,   -117, 66,   
    48,   -47,  -111, 85,   101,  75,   -56,  125,  
    -36,  90,   -112, -31,  -70,  -19,  116,  -67,  
    103,  -34,  -15,  86,   101,  75,   -56,  125,  
    -36,  90,   -112, -31,  -70,  -19,  116,  -67,  
    -125, 33,   14,   -87,  -103, -76,  55,   -126, 
    -31,  21,   10,   29,   -70,  -19,  116,  -67,  
    -125, 33,   14,   -87,  101,  75,   -56,  125,  
    56,   -91,  111,  30,   -70,  -19,  116,  -67,  
    -125, 33,   14,   -87,  101,  75,   -56,  125,  
    -36,  90,   -112, -31,  70,   18,   -117, 66,   
    -43,  54,   -105, 85,   101,  75,   -56,  125,  
    -36,  90,   -112, -31,  -70,  -19,  116,  -67,  
    103,  -34,  -15,  86,   101,  75,   -56,  125,  
    -36,  90,   -112, -31,  -70,  -19,  116,  -67,  
    -125, 33,   14,   -87,  -103, -76,  55,   -126, 
    -117, -1,   2,    29,   -70,  -19,  116,  -67,  
    -125, 33,   14,   -87,  101,  75,   -56,  125,  
    56,   -91,  111,  30,   -70,  -19,  116,  -67,  
    -125, 33,   14,   -87,  101,  75,   -56,  125,  
    -36,  90,   -112, -31,  70,   18,   -117, 66,   
    -113, -110, 116,  85,   101,  75,   -56,  125,  
    -36,  90,   -112, -31,  -70,  -19,  116,  -67,  
    103,  -34,  -15,  86,   101,  75,   -56,  125,  
    -36,  90,   -112, -31,  -70,  -19,  116,  -67,  
    -125, 33,   14,   -87,  -103, -76,  55,   -126, 
    36,   10,   -59,  29,   -70,  -19,  116,  -67,  
    -125, 33,   14,   -87,  101,  75,   -56,  125,  
    56,   -91,  111,  30,   -70,  -19,  116,  -67,  
    -125, 33,   14,   -87,  101,  75,   -56,  125,  
    -36,  90,   -112, -31,  70,   18,   -117, 66,   
    105,  52,   92,   85,   101,  75,   -56,  125,  
    -36,  90,   -112, -31,  -70,  -19,  116,  -67,  
    103,  -34,  -15,  86,   101,  75,   -56,  125,  
    -36,  90,   -112, -31,  -70,  -19,  116,  -67,  
    -125, 33,   14,   -87,  -103, -76,  55,   -126, 
    51,   72,   -42,  29,   -70,  -19,  116,  -67,  
    -125, 33,   14,   -87,  101,  75,   -56,  125,  
    56,   -91,  111,  30,   -70,  -19,  116,  -67,  
    -125, 33,   14,   -87,  101,  75,   -56,  125,  
    -36,  90,   -112, -31,  70,   18,   -117, 66,   
    -114, -74,  48,   85,   101,  75,   -56,  125,  
    -36,  90,   -112, -31,  -70,  -19,  116,  -67,  
    103,  -34,  -15,  86,   101,  75,   -56,  125,  
    -36,  90,   -112, -31,  -70,  -19,  116,  -67,  
    -125, 33,   14,   -87,  -103, -76,  55,   -126, 
    31,   110,  -119, 29,   -70,  -19,  116,  -67,  
    -125, 33,   14,   -87,  101,  75,   -56,  125,  
    56,   -91,  111,  30,   -70,  -19,  116,  -67,  
    -125, 33,   14,   -87,  101,  75,   -56,  125,  
    -36,  90,   -112, -31,  70,   18,   -117, 66,   
    51,   88,   25,   85,   101,  75,   -56,  125,  
    -36,  90,   -112, -31,  -70,  -19,  116,  -67,  
    103,  -34,  -15,  86,   101,  75,   -56,  125,  
    -36,  90,   -112, -31,  -70,  -19,  116,  -67,  
    -125, 33,   14,   -87,  -103, -76,  55,   -126, 
    -101, 75,   -112, 29,   -70,  -19,  116,  -67,  
    -125, 33,   14,   -87,  101,  75,   -56,  125,  
    56,   -91,  111,  30,   -70,  -19,  116,  -67,  
    -125, 33,   14,   -87,  101,  75,   -56,  125,  
    -36,  90,   -112, -31,  70,   18,   -117, 66,   
    -121, -28,  -14,  82,   101,  75,   -56,  125,  
    -36,  90,   -112, -31,  -70,  -19,  116,  -67,  
    103,  -34,  -15,  86,   101,  75,   -56,  125,  
    -36,  90,   -112, -31,  -70,  -19,  116,  -67,  
    -125, 33,   14,   -87,  -103, -76,  55,   -126, 
    -81,  72,   102,  26,   -70,  -19,  116,  -67,  
    -125, 33,   14,   -87,  101,  75,   -56,  125,  
    56,   -91,  111,  30,   -70,  -19,  116,  -67,  
    -125, 33,   14,   -87,  101,  75,   -56,  125,  
    -36,  90,   -112, -31,  70,   18,   -117, 66,   
    6,    -89,  -90,  82,   101,  75,   -56,  125,  
    -36,  90,   -112, -31,  -70,  -19,  116,  -67,  
    103,  -34,  -15,  86,   101,  75,   -56,  125,  
    -36,  90,   -112, -31,  -70,  -19,  116,  -67,  
    -125, 33,   14,   -87,  -103, -76,  55,   -126, 
    29,   -88,  54,   26,   -70,  -19,  116,  -67,  
    -125, 33,   14,   -87,  101,  75,   -56,  125,  
    56,   -91,  111,  30,   -70,  -19,  116,  -67,  
    -125, 33,   14,   -87,  101,  75,   -56,  125,  
    -36,  90,   -112, -31,  70,   18,   -117, 66,   
    -52,  76,   -114, 82,   101,  75,   -56,  125,  
    -36,  90,   -112, -31,  -70,  -19,  116,  -67,  
    103,  -34,  -15,  86,   101,  75,   -56,  125,  
    -36,  90,   -112, -31,  -70,  -19,  116,  -67,  
    -125, 33,   14,   -87,  -103, -76,  55,   -126, 
    -116, 16,   -5,   26,   -70,  -19,  116,  -67,  
    -125, 33,   14,   -87,  101,  75,   -56,  125,  
    56,   -91,  111,  30,   -70,  -19,  116,  -67,  
    -125, 33,   14,   -87,  101,  75,   -56,  125,  
    -36,  90,   -112, -31,  70,   18,   -117, 66,   
    -27,  -99,  102,  82,   101,  75,   -56,  125,  
    -36,  90,   -112, -31,  -70,  -19,  116,  -67,  
    103,  -34,  -15,  86,   101,  75,   -56,  125,  
    -36,  90,   -112, -31,  -70,  -19,  116,  -67,  
    -125, 33,   14,   -87,  -103, -76,  55,   -126, 
    -58,  34,   -10,  26,   -70,  -19,  116,  -67,  
    -125, 33,   14,   -87,  101,  75,   -56,  125,  
    56,   -91,  111,  30,   -70,  -19,  116,  -67,  
    -125, 33,   14,   -87,  101,  75,   -56,  125,  
    -36,  90,   -112, -31,  70,   18,   -117, 66,   
    -3,   29,   89,   82,   101,  75,   -56,  125,  
    -36,  90,   -112, -31,  -70,  -19,  116,  -67,  
    103,  -34,  -15,  86,   101,  75,   -56,  125,  
    -36,  90,   -112, -31,  -70,  -19,  116,  -67,  
    -125, 33,   14,   -87,  -103, -76,  55,   -126, 
    75,   9,    -35,  26,   -70,  -19,  116,  -67,  
    -125, 33,   14,   -87,  101,  75,   -56,  125,  
    56,   -91,  111,  30,   -70,  -19,  116,  -67,  
    -125, 33,   14,   -87,  101,  75,   -56,  125,  
    -36,  90,   -112, -31,  70,   18,   -117, 66,   
    53,   125,  57,   82,   101,  75,   -56,  125,  
    -36,  90,   -112, -31,  -70,  -19,  116,  -67,  
    103,  -34,  -15,  86,   101,  75,   -56,  125,  
    -36,  90,   -112, -31,  -70,  -19,  116,  -67,  
    -125, 33,   14,   -87,  -103, -76,  55,   -126, 
    -6,   -19,  -75,  26,   -70,  -19,  116,  -67,  
    -125, 33,   14,   -87,  101,  75,   -56,  125,  
    56,   -91,  111,  30,   -70,  -19,  116,  -67,  
    -125, 33,   14,   -87,  101,  75,   -56,  125,  
    -36,  90,   -112, -31,  70,   18,   -117, 66,   
    79,   35,   46,   82,   101,  75,   -56,  125,  
    -36,  90,   -112, -31,  -70,  -19,  116,  -67,  
    103,  -34,  -15,  86,   101,  75,   -56,  125,  
    -36,  90,   -112, -31,  -70,  -19,  116,  -67,  
    -125, 33,   14,   -87,  -103, -76,  55,   -126, 
    60,   -101, -101, 26,   -70,  -19,  116,  -67,  
    -125, 33,   14,   -87,  101,  75,   -56,  125,  
    56,   -91,  111,  30,   -70,  -19,  116,  -67,  
    -125, 33,   14,   -87,  101,  75,   -56,  125,  
    -36,  90,   -112, -31,  70,   18,   -117, 66,   
    55,   -39,  -13,  83,   101,  75,   -56,  125,  
    -36,  90,   -112, -31,  -70,  -19,  116,  -67,  
    103,  -34,  -15,  86,   101,  75,   -56,  125,  
    -36,  90,   -112, -31,  -70,  -19,  116,  -67,  
    -125, 33,   14,   -87,  -103, -76,  55,   -126, 
    82,   -94,  100,  27,   -70,  -19,  116,  -67,  
    -125, 33,   14,   -87,  101,  75,   -56,  125,  
    56,   -91,  111,  30,   -70,  -19,  116,  -67,  
    -125, 33,   14,   -87,  101,  75,   -56,  125,  
    -36,  90,   -112, -31,  70,   18,   -117, 66,   
    -53,  29,   -4,   83,   101,  75,   -56,  125,  
    -36,  90,   -112, -31,  -70,  -19,  116,  -67,  
    103,  -34,  -15,  86,   101,  75,   -56,  125,  
    -36,  90,   -112, -31,  -70,  -19,  116,  -67,  
    -125, 33,   14,   -87,  -103, -76,  55,   -126, 
    24,   32,   90,   27,   -70,  -19,  116,  -67,  
    -125, 33,   14,   -87,  101,  75,   -56,  125,  
    56,   -91,  111,  30,   -70,  -19,  116,  -67,  
    -125, 33,   14,   -87,  101,  75,   -56,  125,  
    -36,  90,   -112, -31,  70,   18,   -117, 66,   
    13,   57,   -87,  83,   101,  75,   -56,  125,  
    -36,  90,   -112, -31,  -70,  -19,  116,  -67,  
    103,  -34,  -15,  86,   101,  75,   -56,  125,  
    -36,  90,   -112, -31,  -70,  -19,  116,  -67,  
    -125, 33,   14,   -87,  -103, -76,  55,   -126, 
    -123, 67,   53,   27,   -70,  -19,  116,  -67,  
    -125, 33,   14,   -87,  101,  75,   -56,  125,  
    56,   -91,  111,  30,   -70,  -19,  116,  -67,  
    -125, 33,   14,   -87,  101,  75,   -56,  125,  
    -36,  90,   -112, -31,  70,   18,   -117, 66,   
    -25,  67,   -103, 83,   101,  75,   -56,  125,  
    -36,  90,   -112, -31,  -70,  -19,  116,  -67,  
    103,  -34,  -15,  86,   101,  75,   -56,  125,  
    -36,  90,   -112, -31,  -70,  -19,  116,  -67,  
    -125, 33,   14,   -87,  -103, -76,  55,   -126, 
    -22,  -15,  2,    27,   -70,  -19,  116,  -67,  
    -125, 33,   14,   -87,  101,  75,   -56,  125,  
    56,   -91,  111,  30,   -70,  -19,  116,  -67,  
    -125, 33,   14,   -87,  101,  75,   -56,  125,  
    -36,  90,   -112, -31,  70,   18,   -117, 66,   
    41,   127,  -126, 83,   101,  75,   -56,  125,  
    -36,  90,   -112, -31,  -70,  -19,  116,  -67,  
    103,  -34,  -15,  86,   101,  75,   -56,  125,  
    -36,  90,   -112, -31,  -70,  -19,  116,  -67,  
    -125, 33,   14,   -87,  -103, -76,  55,   -126, 
    -72,  -47,  27,   27,   -70,  -19,  116,  -67,  
    -125, 33,   14,   -87,  101,  75,   -56,  125,  
    56,   -91,  111,  30,   -70,  -19,  116,  -67,  
    -125, 33,   14,   -87,  101,  75,   -56,  125,  
    -36,  90,   -112, -31,  70,   18,   -117, 66,   
    -113, -63,  124,  83,   101,  75,   -56,  125,  
    -36,  90,   -112, -31,  -70,  -19,  116,  -67,  
    103,  -34,  -15,  86,   101,  75,   -56,  125,  
    -36,  90,   -112, -31,  -70,  -19,  116,  -67,  
    -125, 33,   14,   -87,  -103, -76,  55,   -126, 
    -10,  -29,  -4,   27,   -70,  -19,  116,  -67,  
    -125, 33,   14,   -87,  101,  75,   -56,  125,  
    56,   -91,  111,  30,   -70,  -19,  116,  -67,  
    -125, 33,   14,   -87,  101,  75,   -56,  125,  
    -36,  90,   -112, -31,  70,   18,   -117, 66,   
    -1,   9,    79,   83,   101,  75,   -56,  125,  
    -36,  90,   -112, -31,  -70,  -19,  116,  -67,  
    103,  -34,  -15,  86,   101,  75,   -56,  125,  
    -36,  90,   -112, -31,  -70,  -19,  116,  -67,  
    -125, 33,   14,   -87,  -103, -76,  55,   -126, 
    83,   2,    -70,  27,   -70,  -19,  116,  -67,  
    -125, 33,   14,   -87,  101,  75,   -56,  125,  
    56,   -91,  111,  30,   -70,  -19,  116,  -67,  
    -125, 33,   14,   -87,  101,  75,   -56,  125,  
    -36,  90,   -112, -31,  70,   18,   -117, 66,   
    13,   -120, 9,    84,   101,  75,   -56,  125,  
    -36,  90,   -112, -31,  -70,  -19,  116,  -67,  
    103,  -34,  -15,  86,   101,  75,   -56,  125,  
    -36,  90,   -112, -31,  -70,  -19,  116,  -67,  
    -125, 33,   14,   -87,  -103, -76,  55,   -126, 
    62,   26,   81,   29,   -70,  -19,  116,  -67,  
    -125, 33,   14,   -87,  101,  75,   -56,  125,  
    56,   -91,  111,  30,   -70,  -19,  116,  -67,  
    -125, 33,   14,   -87,  101,  75,   -56,  125,  
    -36,  90,   -112, -31,  70,   18,   -117, 66,   
    -3,   79,   64,   86,   101,  75,   -56,  125,  
    -36,  90,   -112, -31,  -70,  -19,  116,  -67,  
    103,  -34,  -15,  86,   101,  75,   -56,  125,  
    -36,  90,   -112, -31,  -70,  -19,  116,  -67,  
    -125, 33,   14,   -87,  -103, -76,  55,   -126, 
    80,   54,   93,   27,   -70,  -19,  116,  -67,  
    -125, 33,   14,   -87,  101,  75,   -56,  125,  
    56,   -91,  111,  30,   -70,  -19,  116,  -67,  
    -125, 33,   14,   -87,  101,  75,   -56,  125,  
    -36,  90,   -112, -31,  70,   18,   -117, 66,   
    -64,  -107, -83,  85,   101,  75,   -56,  125,  
    -36,  90,   -112, -31,  -70,  -19,  116,  -67,  
    103,  -34,  -15,  86,   101,  75,   -56,  125,  
    -36,  90,   -112, -31,  -70,  -19,  116,  -67,  
    -125, 33,   14,   -87,  -103, -76,  55,   -126, 
    -110, 127,  7,    28,   -70,  -19,  116,  -67,  
    -125, 33,   14,   -87,  101,  75,   -56,  125,  
    56,   -91,  111,  30,   -70,  -19,  116,  -67,  
    -125, 33,   14,   -87,  101,  75,   -56,  125,  
    -36,  90,   -112, -31,  70,   18,   -117, 66,   
    -115, 62,   85,   84,   101,  75,   -56,  125,  
    -36,  90,   -112, -31,  -70,  -19,  116,  -67,  
    103,  -34,  -15,  86,   101,  75,   -56,  125,  
    -36,  90,   -112, -31,  -70,  -19,  116,  -67,  
    -125, 33,   14,   -87,  -103, -76,  55,   -126, 
    32,   109,  101,  26,   -70,  -19,  116,  -67,  
    -125, 33,   14,   -87,  101,  75,   -56,  125,  
    56,   -91,  111,  30,   -70,  -19,  116,  -67,  
    -125, 33,   14,   -87,  101,  75,   -56,  125,  
    -36,  90,   -112, -31,  70,   18,   -117, 66,   
    -103, -105, -126, 87,   101,  75,   -56,  125,  
    -36,  90,   -112, -31,  -70,  -19,  116,  -67,  
    103,  -34,  -15,  86,   101,  75,   -56,  125,  
    -36,  90,   -112, -31,  -70,  -19,  116,  -67,  
    -125, 33,   14,   -87,  -103, -76,  55,   -126, 
    -30,  88,   -76,  31,   -70,  -19,  116,  -67,  
    -125, 33,   14,   -87,  101,  75,   -56,  125,  
    56,   -91,  111,  30,   -70,  -19,  116,  -67,  
    -125, 33,   14,   -87,  101,  75,   -56,  125,  
    -36,  90,   -112, -31,  64,   18,   -117, 66,   
    124,  -34,  -15,  86,   103,  -70,  55,   -126, 
    17,   -92,  111,  30,   -70,  -19,  116,  -67,  
    -125, 33,   14,   -87,  101,  75,   -56,  125,  
    -36,  90,   -112, -31,  -70,  -19,  116,  -67,  
    -125, 33,   14,   -87,  -100, -76,  55,   -126, 
    -36,  90,   -112, -31,  106,  2,    -117, 66,   
    76,   -34,  -15,  86,   101,  75,   -56,  125,  
    -36,  90,   -112, -31,  -70,  -19,  116,  -67,  
    -125, 33,   14,   -87,  101,  75,   -56,  125,  
    -36,  90,   -112, -31,  119,  86,   -58,  35,   
    8,    -74,  -94,  62,   -5,   -60,  82,   -42,  
    70,   -35,  27,   87,   43,   121,  -40,  39,   
    29,   -84,  -110, 62,   -54,  -58,  82,   -26,  
    74,   -58,  27,   119,  42,   124,  -49,  45,   
    31,   -85,  -100, 51,   -12,  -64,  112,  -25,  
    80,   -47,  26,   108,  32,   83,   -27,  35,   
    16,   -89,  -117, 51,   -24,  -18,  -126, -41,  
    50,   -16,  -22,  21,   69,   54,   2,    -104, 
    -68,  -18,  115,  87,   -72,  -124, 58,   -124, 
    42,   -113, -23,  86,   -61,  -27,  -122, 67,   
    125,  -33,  -12,  86,   -103, 54,   54,   -115, 
    35,   -107, -19,  31,   79,   16,   9,    67,   
    125,  -34,  22,   -100, 76,   34,   96,   -75,  
    43,   -110, 41,   -66,  -70,  24,   -8,   5,    
    92,   -5,   68,   -84,  -81,  -8,   -41,  -42,  
    -62,  102,  24,   34,   30,   32,   -20,  94,   
    -51,  85,   -75,  84,   87,   -41,  -41,  5,    
    -73,  -7,   20,   41,   66,   97,   -31,  -75,  
    114,  -58,  -7,   25,   53,   84,   -82,  123,  
    -122, -124, -80,  -83,  52,   114,  -21,  120,  
    22,   125,  -65,  105,  82,   2,    -59,  82,   
    -113, 36,   -3,   117,  106,  -109, 76,   36,   
    -92,  52,   -11,  -118, 113,  37,   49,   -112, 
    -89,  -68,  28,   60,   37,   -117, 101,  -40,  
    -66,  34,   -41,  104,  94,   -118, -40,  -34,  
    114,  -104, -85,  -119, 105,  -98,  -74,  -83,  
    28,   -30,  22,   -62,  -96,  -74,  -26,  64,   
    93,   26,   -48,  -108, -73,  109,  -15,  47,   
    -28,  -18,  -46,  71,   -59,  120,  76,   -87,  
    80,   -18,  -110, 65,   -6,   -58,  126,  7,    
    59,   71,   -28,  -98,  9,    -124, -30,  -18,  
    116,  -62,  -80,  95,   -24,  50,   -8,   31,   
    -99,  68,   -1,   -127, -92,  -91,  -18,  -34,  
    -49,  32,   -77,  105,  -38,  -14,  -77,  81,   
    25,   -94,  15,   -114, -50,  -94,  71,   -30,  
    106,  -19,  83,   -24,  71,   104,  -124, 59,   
    -10,  -8,   -124, -33,  -99,  53,   -114, -49,  
    44,   -88,  107,  59,   118,  118,  40,   -47,  
    -23,  40,   -119, -93,  -48,  32,   -45,  30,   
    84,   57,   -2,   31,   38,   -71,  79,   -99,  
    71,   -15,  45,   91,   21,   67,   -96,  -1,   
    78,   9,    77,   -112, -73,  -68,  0,    -93,  
    -2,   97,   -49,  105,  108,  -108, -115, -22,  
    -73,  30,   -67,  -6,   60,   -103, -41,  118,  
    39,   97,   -13,  85,   -101, -76,  54,   -22,  
    87,   -47,  31,   109,  127,  61,   -92,  35,   
    8,    -75,  -33,  59,   -29,  -57,  84,   -16,  
    74,   -43,  27,   48,   38,   125,  -26,  109,  
    24,   -69,  -121, 63,   -7,   -47,  8,    -29,  
    83,   -43,  38,   90,   120,  55,   -8,   100,  
    24,   -65,  -123, 55,   -89,  -111, 68    
  };

} // end of: class MyCertificate
